%YAML:1.0
---
width: 1440
height: 1080
CM1: !!opencv-matrix
   rows: 3
   cols: 3
   dt: d
   data: [ 1131.7968378513631, 0., 697.73573115930787, 0.,
       1124.0662511721662, 492.59595556283557, 0., 0., 1. ]
CM2: !!opencv-matrix
   rows: 3
   cols: 3
   dt: d
   data: [ 1140.316440354818, 0., 772.64985569977921, 0.,
       1130.9309561707114, 506.73744721278553, 0., 0., 1. ]
D1: !!opencv-matrix
   rows: 1
   cols: 5
   dt: d
   data: [ -0.058464836156389102, 0.090309142832488754,
       -0.0060614737405635727, 0.008895316500196945,
       -0.044798966885786232 ]
D2: !!opencv-matrix
   rows: 1
   cols: 5
   dt: d
   data: [ -0.084935978129751677, 0.16625922800545995,
       -0.0018610020653375184, -0.010975970568333354,
       -0.1373080751164206 ]
R: !!opencv-matrix
   rows: 3
   cols: 3
   dt: d
   data: [ 0.86863801945458063, -0.0038498191175284548,
       0.4954323062243578, 0.025548405169781907, 0.99898747633078078,
       -0.037031083261745479, -0.49478810631552589, 0.044824112116359616,
       0.8678568596385442 ]
T: !!opencv-matrix
   rows: 3
   cols: 1
   dt: d
   data: [ -498.8247915090065, -4.466333948409611, 130.8953255267208 ]
E: !!opencv-matrix
   rows: 3
   cols: 3
   dt: d
   data: [ -1.1342778948808223, -130.96299036508748, 0.97105714358949102,
       -133.11191765258496, 21.855455054411539, 497.75829006854929,
       -8.8645504070348018, -498.33691417863014, 20.684788515821563 ]
F: !!opencv-matrix
   rows: 3
   cols: 3
   dt: d
   data: [ 1.7234955720829618e-08, 2.0036222873351868e-06,
       -0.0010157011988377439, 2.0393742781523067e-06,
       -3.3714476312566356e-07, -0.0098879845926940699,
       -0.00089315041363858942, 0.0073166669202525455, 1. ]
R1: !!opencv-matrix
   rows: 3
   cols: 3
   dt: d
   data: [ 0.96596204837167121, -0.0064487737151387196,
       0.25860343080318215, 0.01196400571138892, 0.99973318839353953,
       -0.019758911706505667, -0.25840701165592067, 0.022180291748725253,
       0.96578147165132466 ]
R2: !!opencv-matrix
   rows: 3
   cols: 3
   dt: d
   data: [ 0.96721668129854299, 0.0086601804334715555,
       -0.25380483189390296, -0.0032456049104585367, 0.9997582900473202,
       0.021744597729628154, 0.2539317968797879, -0.020207987443529817,
       0.96701100292441566 ]
P1: !!opencv-matrix
   rows: 3
   cols: 4
   dt: d
   data: [ 1127.4986036714388, 0., 272.34037017822266, 0., 0.,
       1127.4986036714388, 488.02597808837891, 0., 0., 0., 1., 0. ]
P2: !!opencv-matrix
   rows: 3
   cols: 4
   dt: d
   data: [ 1127.4986036714388, 0., 1193.5027618408203,
       -581487.3407146089, 0., 1127.4986036714388, 488.02597808837891,
       0., 0., 0., 1., 0. ]
Q: !!opencv-matrix
   rows: 4
   cols: 4
   dt: d
   data: [ 1., 0., 0., -272.34037017822266, 0., 1., 0.,
       -488.02597808837891, 0., 0., 0., 1127.4986036714388, 0., 0.,
       0.0019389907995001551, 1.7861254022793354 ]
VB1: [ 0, 15, 1440, 980 ]
VB2: [ 0, 48, 1440, 994 ]
RMS: 0.22306768104985089
