%YAML:1.0
---
ThreeDimTransMat: !!opencv-matrix
   rows: 3
   cols: 4
   dt: f
   data: [ 0.00792840868, -0.304264545, 1.02326465, -402.572876,
       -0.996687949, -0.00840204582, 0.402362764, 2.63130498,
       0.000210968516, -0.945212245, -0.32669574, 445.51767 ]
Average Error: 1.2093497514724731
