%YAML:1.0
---
width: 1936
height: 1464
CM1: !!opencv-matrix
   rows: 3
   cols: 3
   dt: d
   data: [ 1775.0312288078771, 0., 942.58402463377024, 0.,
       1781.7737745462241, 696.83583479833032, 0., 0., 1. ]
CM2: !!opencv-matrix
   rows: 3
   cols: 3
   dt: d
   data: [ 1808.4615444499073, 0., 834.00733877717425, 0.,
       1800.6769918941591, 673.04650496133877, 0., 0., 1. ]
D1: !!opencv-matrix
   rows: 1
   cols: 5
   dt: d
   data: [ -0.037554050558271095, 0.20276462638395282,
       -0.003666123664040379, -0.0035299911345766204,
       -0.76925149466363152 ]
D2: !!opencv-matrix
   rows: 1
   cols: 5
   dt: d
   data: [ -0.060361374477943215, 0.035713503609226392,
       -0.0012211200944694724, -0.023537131900050801,
       0.16551662680981877 ]
R: !!opencv-matrix
   rows: 3
   cols: 3
   dt: d
   data: [ 0.84302201207147243, -0.016151613117341, 0.53763650597469104,
       0.003075122837509292, 0.99967743879595716, 0.025210354656163669,
       -0.53787027319094372, -0.019599585609473037, 0.84279975407058372 ]
T: !!opencv-matrix
   rows: 3
   cols: 1
   dt: d
   data: [ -299.79013424997487, -4.8288383291666177, 110.59774844274645 ]
E: !!opencv-matrix
   rows: 3
   cols: 3
   dt: d
   data: [ 2.2571869292903517, -110.46743066961753, -6.8579522186830451,
       -68.011864986205012, -7.6620944456040414, 312.12443846009211,
       3.1489255159298146, -299.77142711180994, -4.9616558396509802 ]
F: !!opencv-matrix
   rows: 3
   cols: 3
   dt: d
   data: [ -1.9062175537969728e-08, 9.2937851105178487e-07,
       -0.00052685364256002578, 5.7685024926690928e-07,
       6.4740990169066639e-08, -0.0052879164657719446,
       -0.00042044146685773777, 0.0037422948575511501, 1. ]
R1: !!opencv-matrix
   rows: 3
   cols: 3
   dt: d
   data: [ 0.97701652210054379, 0.0067365866058651976,
       0.21305711427563126, -0.0089152024654677205, 0.99991732316654958,
       0.0092663906911974944, -0.2129770755446638, -0.010952864116014179,
       0.97699580350178516 ]
R2: !!opencv-matrix
   rows: 3
   cols: 3
   dt: d
   data: [ 0.93808491003988403, 0.01511010487702121,
       -0.34607569444569231, -0.018684039759364668, 0.99980098228385061,
       -0.0069930309964810113, 0.34590115381960385, 0.013026148888013064,
       0.93818053232382426 ]
P1: !!opencv-matrix
   rows: 3
   cols: 4
   dt: d
   data: [ 1791.2253832201916, 0., 285.90347290039062, 0., 0.,
       1791.2253832201916, 639.02394866943359, 0., 0., 0., 1., 0. ]
P2: !!opencv-matrix
   rows: 3
   cols: 4
   dt: d
   data: [ 1791.2253832201916, 0., 1648.0960998535156,
       -572434.00076088321, 0., 1791.2253832201916, 639.02394866943359,
       0., 0., 0., 1., 0. ]
Q: !!opencv-matrix
   rows: 4
   cols: 4
   dt: d
   data: [ 1., 0., 0., -285.90347290039062, 0., 1., 0.,
       -639.02394866943359, 0., 0., 0., 1791.2253832201916, 0., 0.,
       0.003129138696931493, 4.2624896616737891 ]
VB1: [ 0, 0, 1903, 1408 ]
VB2: [ 0, 17, 1936, 1282 ]
RMS: 0.31844368454710975
