%YAML:1.0
---
ThreeDimTransMat: !!opencv-matrix
   rows: 3
   cols: 4
   dt: f
   data: [ -0.0507673435, 0.0356325544, 0.983241558, -350.124115,
       -1.00064087, -0.000331267336, -0.0534395278, 182.163147,
       -0.00211222772, -1.00387359, 0.028880721, 159.524078 ]
Average Error: 1.5055471658706665
